origin_data = [
    15.377
    7.6339
    14.7649
    14.1709
    44.918
    32.2733
    26.4823
    28.413
    36.5352
    51.7388
    55.7907
    58.3287
    61.8481
    61.6327
    59.3524
    55.1155
    59.9742
    76.8411
    80.4565
    79.462
    79.4126
    79.4099
    83.25
    86.717
    110.8266
    163.9365
    212.5544
    281.296
    354.07
    426.7244
];

population = [
    17245
    18495
    19140
    20171
    21480
    22274
    24017
    25094
    26366
    27674
    28661
    29540
    30195
    31203
    32175
    33173
    34169
    35174
    37304
    39449
    41608
    43748
    45906
    48064
    50212
    52376
    54283
    56212
    58288
    60633    
];

(origin_data * 10000) ./ (population)